Feature  Alpha 0.0001  Alpha 0.001  Alpha 0.01
29             hour_sin     -0.283147    -0.281969   -0.269976
3                temp_c      0.231970     0.234935    0.263187
11             capacity      0.230763     0.230106    0.222741
2          is_rush_hour      0.196193     0.195578    0.189419
28     dist_to_union_km     -0.185521    -0.186134   -0.182136
30             hour_cos     -0.168208    -0.167280   -0.157943
27     cluster_west_end     -0.143241    -0.142549   -0.134287
9              latitude     -0.130548    -0.128981   -0.113075
24     cluster_east_end     -0.126195    -0.123750   -0.108499
22     restaurants_bars      0.122513     0.119886    0.092580
21            education      0.107628     0.108153    0.112062
33            month_sin     -0.099899    -0.097353   -0.073059
23           commercial      0.096703     0.094514    0.070649
18               office     -0.095173    -0.088741   -0.027829
12  is_charging_station     -0.091993    -0.090895   -0.080461
0                  year      0.058843     0.057760    0.047225
14               subway     -0.056959    -0.054056   -0.027225
4      rel_humidity_pct     -0.055697    -0.055002   -0.049953
13                  bus     -0.051347    -0.050644   -0.045999
19                 park      0.045212     0.045383    0.044594
10            longitude      0.040557     0.037128    0.018614
5             precip_mm     -0.037505    -0.036782   -0.029485
34            month_cos     -0.036806    -0.034612   -0.013008
31              dow_sin      0.033689     0.028707    0.012941
15            streetcar      0.029223     0.030464    0.041640
8          pressure_kpa      0.029077     0.028926    0.025866
32              dow_cos     -0.028515    -0.026603   -0.015392
20           healthcare      0.027902     0.024323    0.000000
7         visibility_km      0.024934     0.024691    0.021876
16                train      0.022664     0.021442    0.009550
26       cluster_uptown     -0.016845    -0.017102   -0.020587
17              tourism      0.016699     0.016063    0.010775
6        wind_speed_kmh     -0.014735    -0.013749   -0.004176
1            is_weekend      0.012508     0.007428   -0.000000
25  cluster_scarborough     -0.001936     0.000000    0.000000